6.22 2.17
9.57 9.54
9.43 7.49
5.28 6.14
0.69 2.25
8.19 3.65
6.02 0.06
0.92 8.51
5.48 1.66
2.05 6.35
5.58 8.95
8.13 7.87
0.36 7.66
7.24 0.47
8.78 8.13
2.49 3.39
0.49 6.24
1.49 6.37
8.34 6.37
5.49 9.54
4.45 0.91
7.16 5.44
7.25 8.68
5.44 1.55
1.09 8.53
6.62 7.48
1.82 1.17
4.4 9.51
1.78 0.04
3.42 8.44
5.6 3.75
0.99 0.33
5.29 3.61
8.01 2.06
7.39 9.16
0.87 6.08
2.83 4.16
3.86 2.5
4.88 2.99
5.22 3.29
5.58 3.86
6.71 5.67
0.73 6.94
2.43 6.18
6.98 3.55
7.22 9.98
1.83 5.41
3.11 6.48
6.85 6.76
5.2 2.6
9.77 9.05
4.46 3.94
2.56 3.77
9.57 0.6
8.92 7.22
6.43 6.44
0.4 8.28
8.39 7.64
5.65 3.46
1.11 4.05
6.38 8.88
6.07 7.71
7.68 0.56
5.42 8.73
4.15 3.76
3.79 6.17
5.97 0.29
9.36 4.95
5.4 7.1
7.18 2.31
5.9 2.02
1.38 4.36
4.35 1.96
6.3 2.98
3.47 7.36
0.82 5.26
0.04 7.02
1.33 9.49
9.98 8.39
2.95 2.26
5.81 5.25
0.73 5.4
9.27 6.56
7.19 9.27
5.11 8.7
4.2 2.34
2.89 7.46
7.11 6.41
5.91 3.69
2.77 2.75
6.91 4.01
4.38 5.67
0.78 9.15
1.33 9.94
2.08 6.82
3.14 0.6
7.84 7.48
7.62 2.77
7.19 2.57
7.3 5.38
5.85 8.74
2.07 2.92
3.48 4.67
2.18 5.63
6.27 1.8
8.66 7.82
7.57 8.2
0.03 6.38
8.74 6.71
8.29 8.2
0.13 5.55
1.92 0.96
8.96 6.21
7.67 2.92
5.41 0.17
2.18 7.76
3.77 7.61
6.88 5.43
2.46 8.85
2.2 0.34
1.69 2.52
1.84 8.91
3.6 8.1
4.47 2.21
1.44 9.07
6.8 5.54
2.22 5.28
8.32 5.81
7.57 5.83
8.7 1.93
1.52 4.55
5.09 3.85
7.76 5.96
3.98 8.74
8.16 6.95
6.6 0.22
2.71 0.02
4.76 5.86
3.65 1.31
9.88 3.94
1.46 0.47
2.99 3.08
2.28 3.85
1.46 6.66
7.11 2.59
4.82 6.44
5.93 5
9.41 4.77
6.38 1.62
2.65 0.85
7.78 6.98
4.91 5.59
7.98 8.7
1.52 3.71
0.61 4.14
6.18 3.03
8.7 5.38
4.64 8.74
7.72 2.47
8.95 2.65
6.05 3.68
2.4 4.53
3.28 0.23
9.3 9.96
0.91 1.08
6.82 7.28
6.68 8.69
7.43 5.09
5.82 7.83
7.79 4.3
3.18 9.32
1.75 1.55
0.46 1.57
4.14 7.96
0.25 4.09
6.14 4.25
4.88 3.51
1.78 1.8
1.73 0.01
9.71 4.87
9.99 8.02
9.67 5.71
4.45 5.93
9.94 5.68
4.22 2.3
6.21 3.96
1.28 9
2.77 0.62
1.36 3.99
7.82 2.98
4.33 5.77
6.87 7.94
6.8 2.08
5.59 2.98
0.64 8.17
5.68 7.88
4.25 8.67
6.03 5.26
4.23 1.25
1.32 0.33
3.92 9.54
8.71 1.15
3.73 4.07
0.83 8.95
6.45 7.85
4.31 0.52
4.06 8.6
5.06 5.47
0.05 1.94
5.03 0.29
0.56 2.64
5.37 8.77
2.43 4.88
7.63 5.61
2.64 8.98
8.2 7.98
2.98 7.24
4.16 4.2
2.83 1.8
6.02 4.32
7.4 3.95
8.49 7.14
3.98 7.08
7.76 9.98
0.23 5.89
3.63 8.14
7.91 7.74
5.43 2.56
7.55 1.04
3.21 7.88
5.21 2.16
5.7 0.57
6.85 3.31
3.05 5.92
4.43 5.88
8.49 9.76
3.99 7.96
9.88 9.24
5.22 0.49
2.8 2.9
2.61 6.98
6.5 7.74
3.31 4.18
2.57 5.67
3.06 7.16
7.72 3.03
3.3 7.9
4.38 3.68
8.33 3.6
5.12 1.25
8.62 1.74
9.2 4.31
7.96 1.16
9.61 4.66
2.41 1.47
3.47 8.63
9.84 6.17
5.72 2.43
3.25 4.45
4.31 5.12
4.39 2.75
6.12 4.18
4.82 9.72
4.88 1.25
0.61 6.51
7.11 1.97
8.25 1.23
4.55 8.38
3.8 4.37
5.75 4.13
1.41 2.08
0.8 2.94
2.65 6.97
2.66 5.43
5.4 7.42
5.94 3.97
9.72 0.62
1.94 8.94
1.23 0.6
4.01 7.83
3.55 2.99
9.65 7.34
5.83 2.59
1.75 9.95
3.35 4.68
5.66 9.79
1.56 5.47
4.31 4.53
6.05 5.47
2.59 4.41
0.98 3.02
1.21 5.88
2.23 6.12
8.69 9.37
5.15 9.15
4.01 3.97
7.37 9.6
3.39 1.14
6.62 8.13
5.75 8.39
5.81 3.4
8.31 1.33
6.48 6.5
1.28 5.81
2.47 5.67
3.11 1.52
7.73 8.29
1.64 2.87
9.45 2.54
3.81 5.09
2.75 8.84
7.18 6.25
7.36 5.47
7.52 9.28
7.84 4.26
6.96 3.7
7.73 2.74
9.61 2.92
2.54 4.13
9.8 9.82
4.7 9.48
5.75 8.78
9.27 8.98
1.87 8.29
4.66 5.72
1.71 2.48
1.39 4.13
4.34 1.86
0.8 2.28
3.56 6.8
4.83 8.41
4.24 9.57
3.05 7.53
4.76 0.86
0.41 6.06
5.7 7.93
5.21 1.38
6.66 2.66
0.37 7.25
4.31 0.78
7.78 4.05
0.7 0.12
7.31 5.9
9.4 4
7.69 7.31
6.96 9.3
1.84 7.47
4.25 2.62
6.07 7.43
5.93 3.65
1.92 1.7
7.94 5.16
6.17 8.42
5.92 4.12
4.74 9.35
7.51 2.66
9.13 3.86
3.74 8.71
2.58 6.8
4.05 6.51
5.38 2.7
0.11 8.46
4.3 7.03
6.75 7.83
7.76 5.4
6.87 6.56
4.74 1.56
6.29 7.21
0.14 5.56
0.57 1.64
9.57 7.92
0.12 6.89
8.7 9.38
0.76 1.15
3.53 5.86
3.08 4.59
6.29 6.24
2.37 8.84
1.19 2.14
6.92 9.18
4.84 1.61
2.94 2.39
3.12 3.21
0.58 0.38
1.68 5.67
6.94 2.82
3.25 9.67
3.89 0.11
9.22 7.42
7.91 4.79
6.97 8.54
6.73 8.72
4.8 0.55
7.02 1.8
0.33 3.52
0.78 0.61
8.34 9.5
4.15 0.73
7.15 7.64
9.13 4.69
8.06 8.84
8.3 2.78
5.4 5.41
3.7 1.92
5.41 7.34
1.35 9.15
3.91 4.33
3.72 3.06
3.4 6.19
9.67 3.18
3.09 6.68
4.4 5.07
4.36 9.7
9.77 1.04
8.08 5.23
5.71 8.45
6.26 6.1
9.54 3.44
9.12 4.65
7.55 5.61
2.39 4.09
5.81 5.91
1.26 9.18
2.86 2.41
8.89 3.98
2.15 8.66
9.71 0.5
0.03 6.15
1.68 6.14
0.68 9.55
3.78 5.1
9.51 8.29
8.26 8.02
2.48 6.56
6.41 1
1.21 2.76
7.28 7.51
8.31 3.55
7.09 3.06
1.42 2.94
3.1 4.93
0.95 8.4
8.59 3.32
9.98 8.11
1.11 9.93
4.72 0.02
7.91 2.78
5.17 9.19
8.79 0.76
0.59 0.71
2.81 9.82
8.91 5.62
2.23 5.37
5.2 3.43
0.67 2.4
9.08 8.39
8.29 2.67
4.13 2.4
0.05 9.83
9.69 4.22
6.17 7.8
1.34 3.01
0.01 0.91
5.81 4.42
9.21 8.39
6.56 1.95
5.03 7.5
4.97 0.12
2.13 3.35
9.01 2.99
2.49 7.66
1.69 1.58
1 8.69
6.75 7.47
7.2 5.82
5.41 7.68
0.06 6.71
4.61 8.92
9.18 7.8
6.96 3.26
6.63 2.19
7.77 3.17
8.66 2.2
4.52 2.8
6.18 4.32
0 0.23
1.91 5.72
2.84 8.25
0.52 7.1
0.81 2.55
2.77 4.15
3.45 0.73
6.37 0.81
4.86 4.96
9.67 3.54
7.97 3.31
0.19 9.06
5.49 7.1
5.15 0.81
5.79 0.88
9.34 6.77
6.96 4.59
4.13 7.55
9.25 0.18
3.49 7.56
4.53 6.46
9.96 8.74
3.97 6.25
3.03 2.9
0.07 8.15
5.31 9.96
0.61 0.49
6.35 3.77
5.64 3.24
2.5 7.33
2.46 0.58
5.53 7.09
5.65 5.36
5.55 5.15
3.09 7.43
1.59 4.63
8.49 4.78
0.85 5.28
4.17 5.44
0.69 7.63
1.46 7.7
0.44 5.31
7.43 1.36
6.64 8.35
0.39 0.97
9.19 1.44
3.66 5.76
4.43 6.57
6.48 3.96
9.12 5.31
4.99 8.42
6.17 3.12
7.17 2.97
8.72 8.17
2.78 3.18
5 0.6
7.91 9.62
8.24 1.19
6.43 3.85
5.3 0.37
1.89 4.11
3.29 2.24
9.3 1.61
0.03 4.41
1.44 4
8.29 5.88
7.99 5.22
3.64 5.75
7.35 8.62
5.72 3.56
5.55 1.96
1.35 6.92
2.21 7.41
8.49 1.67
6.41 8.82
0.89 0.02
8.54 4.04
1.06 2.96
7.06 3.96
9.06 2.36
6.45 5.89
8.43 5.73
5.94 5.18
7.76 5.47
2.09 6.12
9.86 6.33
7.44 8.64
2.45 2.68
4.12 1.41
1.4 6.51
3.94 3.16
2.36 3.04
3.38 3.55
4.56 7.82
5.43 2.35
5.6 0.1
7.44 5.21
3.03 6.23
1.15 4.72
5.01 0.13
1.38 7.41
0.35 3.14
2.78 0.03
1.41 8.84
7.32 4.08
1.48 4.93
8.69 2.08
8.37 0.07
3.38 0.64
7.8 0.5
0.64 1.57
6.45 9.89
8.88 9.02
4.52 6.73
8.34 7.83
1.55 8.52
9.87 5.84
7.56 9.33
7.4 4.3
5.68 8.91
0.13 7.76
6.72 2.5
3.46 9.08
4.9 4.32
5.49 2.43
2.94 5.73
7.41 0.1
5.04 9.54
5.25 1.87
6.49 3.72
3.03 7.55
3.22 3.61
8.43 5.33
8.48 4.34
9.54 0.23
5.42 4.33
0.16 1.55
8.63 3.57
4.18 1.38
6.04 2.27
5.24 5.88
1.01 5.35
0.54 2.42
0.59 4.12
9.6 5.11
8.37 2.4
3.87 9.88
6.25 4.67
2.58 3.56
8.22 1.7
5.93 8
3.51 4.47
1.97 6.75
9.94 1.87
4.52 1.44
7.14 7.59
5.1 5.47
6.59 6.87
3.32 1.33
4.28 4.25
2.64 5.32
1.53 2.04
4.93 6.82
4.25 8.19
9.44 3.41
3.09 1.32
1.04 5.35
7.15 1.25
8.66 4.47
4.58 4.55
8.96 5.44
7.02 7.25
2.19 9.44
3.1 2.62
9.1 2.59
2.36 3.13
3.65 0.49
2.45 6.01
1.1 8.7
5.14 3.21
8.46 6.88
5.98 7.21
2.47 3.74
6.25 9.14
8.73 0.31
3 5.83
5.11 3.21
8.78 5.4
5.23 1.23
9.83 0.59
9.73 1.01
8.43 1.89
8.87 8.46
4.89 8.7
7.33 1.82
2.6 2.04
7.63 3.49
3.29 2.09
0.95 8.28
5.78 0.55
1.53 2.03
6.19 8.67
0.64 2.18
5.96 4.13
4.55 8.76
2.62 3.59
4.79 8.97
3.45 1.89
9.19 9.23
7.72 1.64
7.06 3.15
4.62 4.21
9.6 9.57
7.26 0.43
0.31 7.05
0.38 8.11
8.75 6.51
1.66 2.44
9.39 6.53
6.38 1.12
7.42 4.43
3.14 7.78
7.02 0.24
5.73 9.36
1.72 2.64
9.44 7.38
9.17 7.97
1.94 7.15
3.96 8.94
6.68 3.12
2.15 4.12
9.73 2.39
5.98 1.19
5.8 8.26
5.29 8.01
8.28 3.56
8.09 8.17
9.65 3.39
2.26 4.59
4 6.14
5.91 5.33
6.67 2.57
0.31 5.25
4.94 3.91
1.91 6.89
3.89 7.43
8.88 9.59
8.55 1.14
1.14 7.27
3.18 0.6
0.72 7.42
7.28 9.61
4.7 9
6.21 2.43
9.45 7.04
8.98 6.65
2.79 8.42
9.58 0.25
5.59 6.89
4.43 7.04
3.93 1.59
2.39 4.73
8.32 8.81
1.23 5.41
6.07 3.47
7.24 6.43
0.51 3.16
8.64 4.65
7.75 8.14
0.43 3.29
5.33 6.33
8.75 3.18
5 2.87
2.57 2.89
7.89 6.19
5.53 2.39
9.79 2.62
6.91 0.46
1.45 3.87
7.23 8.8
9.58 3
7.98 3.02
5.59 2.67
2.7 9.61
3.96 4.29
4.15 0.77
9.74 7.16
4.11 0.64
9.82 9.49
8.19 6.33
3.22 9.38
6.08 6.04
6.2 4.8
5.69 8.77
6.99 2.11
3.33 9.78
4.38 1.2
5.87 7.82
4.7 6.35
2.48 0.36
2.35 5.31
5.05 6.09
0.98 4.91
5.54 6.45
8.46 8.18
7.9 8.19
3.01 8.69
8.95 8.94
9.16 4.35
5.84 5.58
9.81 9.22
9.06 0.12
7.83 7.92
5.64 6.27
7.35 8.28
3.03 8.31
0.54 6.54
4.32 4.51
9.79 0.93
8.55 1.33
6.75 6.39
4.32 7.8
7.18 7.02
6.71 9.97
8.59 0.41
8.02 5.54
7.19 2.24
5.94 4.13
4.26 0.53
7.86 3.24
3.14 5.51
4.42 9.81
1.49 0.16
2.06 7.71
5.36 7.21
3.71 3.21
9.81 8.37
3.62 7.91
8.05 0.92
6.97 8.27
4.42 3.53
1.73 5.05
7.21 3.49
8.2 1.02
9.58 5.49
9.63 5.37
0.16 6.42
1.79 4.44
1.34 8.16
9.53 9.14
2.34 9.45
3.58 7.93
4.37 0.5
8.52 8.33
6.43 5.27
4.66 0.85
5.13 1.79
0.02 9.22
8.76 8.98
9.77 3.26
3.63 1.46
8.55 2.68
4.24 7.02
7.6 3.64
6.27 9.34
1.54 0.96
8.48 3.96
1.12 1.56
8.74 9.04
2.22 9.97
6.23 5.58
7.49 9.66
1.5 7.74
1.77 7.26
0.79 0.69
9.62 5.9
6.26 2.26
4.16 6.9
2.02 0.04
1.7 5.19
4.03 0.02
4.09 9.4
1.62 5.38
1.28 8.11
1.24 7.02
9.83 7.77
1.46 1.07
7.45 4.52
8.27 8.44
7.78 0.13
0.74 3.6
1.73 8.86
3.54 7.83
4.12 1.58
5.59 3.46
8.97 8.66
9.35 3.32
2.05 4.78
3.45 2.03
7.12 4.13
8.76 4.99
2.32 6.13
2.27 3.9
6.93 5.51
4.79 0.76
9.32 2.14
3.82 6.33
7.46 7.65
6.19 6.32
2.69 3.57
2.46 8.98
3.97 9.27
3.18 4.52
3.84 8.48
8.03 5.19
8.3 1.07
0.49 2.65
6.5 5.15
1.22 2.21
5.7 5.28
2.03 6.06
1.93 4.73
0.66 0.5
5.55 8.04
4.22 9.65
9.93 4.58
3.27 8.91
1.66 2.46
6.48 1.06
1.36 8.95
0.26 2.14
7.23 9
9.55 7.19
3.38 4.32
9.35 7.85
0.88 9.75
0.21 0.19
1.59 8.07
0.38 6.74
4.39 8.34
1.53 9.58
4.8 1.95
1.79 1.56
1.31 3.91
4.13 0.22
5.42 5.74
8.14 8.49
9.03 2.17
6.02 2.61
7.55 4.95
3.15 7.94
6.95 6.67
6.56 6.49
6.23 6.4
9.87 3.28
2.77 4.8
6.71 7.71
2.12 0.16
7.21 3.59
4.93 9.52
0.3 0.72
0.34 0.11
5.1 3.5
0.81 3.46
6.95 5.07
9.4 1.65
2.21 8.64
3.43 2.44
9.85 5.13
1.93 4.99
9.12 7.42
6.86 8.53
9.89 0.12
0.92 4.74
9.53 2.27
7.24 7.8
8.42 4.16
7 4.38
2.34 9.42
2.43 2.94
0.97 8.25
5.88 8.53
1.58 9.08
9.51 0.68
5.86 0.75
3.64 6.25
3.57 1.71
4.82 3.94
3.57 7.37
6.07 2.97
8.84 6.24
7.28 5.13
6.57 8.95
6.75 8
4.9 4.5
3.39 0.94
8.33 7.27
7.48 6.05
9.4 9
4.8 2.89
1.94 7.84
7.54 1.29
1.78 2.39
7.52 2.62
1.1 2.18
5.98 0.84
6 7.1
4.49 8.16
4.44 0.27
2.88 1.45
2.55 5.28
8.26 3.37
3.9 2.45
8.2 3.41
9.29 9.54
